# -*- coding: utf-8 -*-
"""
Modified code from @Spoudel
Created on: April 12, 2021
@author: Abodh Poudyal
"""
 
import numpy as np

def Zmatrixc(conf):
    Zabc = np.matrix([[0.0+0.0j, 0.0-0.0j, 0.0-0.0j], 
                       [0.0+0.0j, 0.0-0.0j, 0.0-0.0j], 
                       [0.0+0.0j, 0.0-0.0j, 0.0-0.0j]]);
    if conf==1:          
        Zabc = np.matrix([[0.4576 + 1.0780j,   0.1560 + 0.5017j,   0.1535 + 0.3849j], 
                          [0.1560 + 0.5017j,   0.4666 + 1.0482j,   0.1580 + 0.4236j], 
                          [0.1535 + 0.3849j,  0.1580 + 0.4236j,   0.4615 + 1.0651j]]);
    if conf==2:          
        Zabc = np.matrix([[0.4666 + 1.0482j,   0.1580 + 0.4236j,   0.1560 + 0.5017j],
                          [0.1580 + 0.4236j,   0.4615 + 1.0651j,   0.1535 + 0.3849j],
                          [0.1560 + 0.5017j,   0.1535 + 0.3849j,   0.4576 + 1.0780j]]);
    if conf==3:          
        Zabc = np.matrix([[0.4615 + 1.0651j,   0.1535 + 0.3849j,   0.1580 + 0.4236j],
                          [0.1535 + 0.3849j,   0.4576 + 1.0780j,   0.1560 + 0.5017j],
                          [0.1580 + 0.4236j,   0.1560 + 0.5017j,   0.4666 + 1.0482j]]);
    if conf==4:          
        Zabc = np.matrix([[0.4615 + 1.0651j,   0.1580 + 0.4236j,   0.1535 + 0.3849j],
                          [0.1580 + 0.4236j,   0.4666 + 1.0482j,   0.1560 + 0.5017j],
                          [0.1535 + 0.3849j,   0.1560 + 0.5017j,   0.4576 + 1.0780j]]);
    if conf==5:          
        Zabc = np.matrix([[0.4666 + 1.0482j,   0.1535 + 0.3849j,   0.1560 + 0.5017j],
                          [0.1535 + 0.3849j,   0.4615 + 1.0651j,   0.1580 + 0.4236j],
                          [0.1560 + 0.5017j,   0.1580 + 0.4236j,   0.4576 + 1.0780j]]);
    if conf==6:          
        Zabc = np.matrix([[0.4576 + 1.0780j,   0.1560 + 0.5017j,   0.1535 + 0.3849j],
                          [0.1560 + 0.5017j,   0.4666 + 1.0482j,   0.1580 + 0.4236j],
                          [0.1535 + 0.3849j,   0.1580 + 0.4236j,   0.4615 + 1.0651j]]);
    if conf==7:          
        Zabc = np.matrix([[0.4576 + 1.0780j,   0.0000 + 0.0000j,   0.1535 + 0.3849j],
                          [0.0000 + 0.0000j,   0.0000 + 0.0000j,   0.0000 + 0.0000j],
                          [0.1535 + 0.3849j,   0.0000 + 0.0000j,   0.4615 + 1.0651j]]);
    if conf==8:          
        Zabc = np.matrix([[0.4576 + 1.0780j,   0.1535 + 0.3849j,   0.0000 + 0.0000j],
                          [0.1535 + 0.3849j,   0.4615 + 1.0651j,   0.0000 + 0.0000j],
                          [0.0000 + 0.0000j,   0.0000 + 0.0000j,   0.0000 + 0.0000j]]);
    if conf==9:          
        Zabc = np.matrix([[1.3292 + 1.3475j,   0.0000 + 0.0000j,   0.0000 + 0.0000j],
                          [0.0000 + 0.0000j,   0.0000 + 0.0000j,   0.0000 + 0.0000j],
                          [0.0000 + 0.0000j,   0.0000 + 0.0000j,   0.0000 + 0.0000j]]);
    if conf==10:          
        Zabc = np.matrix([[0.0000 + 0.0000j,   0.0000 + 0.0000j,   0.0000 + 0.0000j],
                          [0.0000 + 0.0000j,   1.3292 + 1.3475j,   0.0000 + 0.0000j],
                          [0.0000 + 0.0000j,   0.0000 + 0.0000j,   0.0000 + 0.0000j]]);
    if conf==11:          
        Zabc = np.matrix([[0.0000 + 0.0000j,   0.0000 + 0.0000j,   0.0000 + 0.0000j],
                          [0.0000 + 0.0000j,   0.0000 + 0.0000j,   0.0000 + 0.0000j],
                          [0.0000 + 0.0000j,   0.0000 + 0.0000j,   1.3292 + 1.3475j]]); 
    
    if conf==11:          
        Zabc = np.matrix([[1.5209 + 0.7521j,   0.5198 + 0.2775j,   0.4924 + 0.2157j],
                          [0.5198 + 0.2775j,   1.5329 + 0.7162j,   0.5198 + 0.2775j],
                          [0.4924 + 0.2157j,   0.5198 + 0.2775j,   1.5209 + 0.7521j]]);

    r_cc=np.real(Zabc[2,2]);   
    x_cc=np.imag(Zabc[2,2]);
    r_ca=np.real(Zabc[2,0]);  
    x_ca=np.imag(Zabc[2,0]);
    r_cb=np.real(Zabc[2,1]);  
    x_cb=np.imag(Zabc[2,1]);      
    return (r_cc,x_cc,r_ca,x_ca,r_cb,x_cb)